[camera_parameters]
fx = 595.3050905422887
fy = 593.7369395631154
cx = 330.8671011909607
cy = 250.82717652074254

[distortion_parameters]
k1 = -0.024014895725386527
k2 = 1.49179901928662
p1 = 0
p2 = 0
k3 = -5.45057902141052

