[camera_parameters]
fx = 616.0512021127506
fy = 617.7406336091392
cx = 333.02090604756125
cy = 245.3571696831582

[distortion_parameters]
k1 = 0.12092655534408499
k2 = 0.19620375757900324
p1 = 0
p2 = 0
k3 = 0
