# camera.yaml
camera_matrix:
  - [595.3050905422887, 0, 330.8671011909607]
  - [0, 593.7369395631154, 250.82717652074254]
  - [0, 0, 1]

dist_coeffs: [-0.024014895725386527, 1.49179901928662, 0, 0, -5.45057902141052]  # k1,k2,p1,p2,k3
depth_scale: 0.001          # RealSense 默认 0.001 mm→m