[camera_parameters]
fx = 604.8607291494429
fy = 603.2460913274937
cx = 333.49562723571273
cy = 251.00482113875344

[distortion_parameters]
k1 = 0.12271851490418612
k2 = -0.19329481274919919
p1 = 0
p2 = 0
