# camera.yaml
camera_matrix:
  - [604.8607291494429, 0, 333.49562723571273]
  - [0, 603.2460913274937, 251.00482113875344]
  - [0, 0, 1]

dist_coeffs: [0.12271851490418612, -0.19329481274919919, 0, 0, 0]   # k1,k2,p1,p2,k3
depth_scale: 0.001          # RealSense 默认 0.001 mm→m